features__attributes__county_nam,features__attributes__fhwa_numbe,features__attributes__FIPS,features__attributes__positive,features__attributes__negative,features__attributes__pending,features__attributes__lab_prvt,features__attributes__lab_pub,features__attributes__Recoveries,features__attributes__deaths,features__attributes__total_tests,features__attributes__lcase_name,features__attributes__pos_range,features__attributes__neg_range,features__attributes__border_report,features__attributes__active_cases,features__attributes__POP_5YR_EST_2018,features__attributes__Shape__Area,features__attributes__Shape__Length,fields__length
Howard,61,61,437,3275,0,2681,1031,399,8,3712,howard,437,3275,Not Applicable,30,13389,1541631052.86731,247879.823488919,50
Pulaski,119,119,7566,100220,0,90791,16995,6792,114,107786,pulaski,7566,100220,Not Applicable,660,393463,2089380947.64233,284069.084631858,
Lonoke,85,85,796,13301,0,11750,2347,700,5,14097,lonoke,796,13301,Not Applicable,91,72206,2079903589.05444,246137.911494215,50
Prairie,117,117,122,1615,0,1375,362,115,1,1737,prairie,122,1615,Not Applicable,6,8244,1748665963.44409,269110.445244305,
Desha,41,41,254,3075,0,2802,527,230,5,3329,desha,254,3075,https://bit.ly/2T74BCM,19,11887,2100180171.29761,393743.785753218,
Phillips,107,107,422,5212,0,3460,2174,391,10,5634,phillips,422,5212,https://bit.ly/2T74BCM,21,19034,1885264368.20239,280421.016626451,
Searcy,129,129,115,1576,0,1412,279,99,0,1691,searcy,115,1576,Not Applicable,16,7923,1729575196.3103,184103.839471151,
Independence,63,63,823,8207,0,7638,1392,738,12,9030,independence,823,8207,Not Applicable,73,37264,1997479703.64404,228003.580116565,
Jackson,67,67,195,5205,0,1163,4237,177,1,5400,jackson,195,5205,Not Applicable,17,17225,1661121959.66943,241190.808602371,
Mississippi,93,93,1442,9999,0,8596,2845,1312,34,11441,mississippi,1442,9999,https://bit.ly/2T74BCM,96,42831,2397434695.37231,293377.92435692,
Greene,55,55,674,10283,0,9114,1843,616,6,10957,greene,674,10283,https://bit.ly/2T74BCM,52,44623,1501198851.64258,195400.850739011,
Clay,21,21,214,3190,0,3002,402,174,5,3404,clay,214,3190,https://bit.ly/2T74BCM,35,15061,1662039088.03271,230200.839663875,50
Randolph,121,121,325,3813,0,3355,783,293,18,4138,randolph,325,3813,https://bit.ly/2T74BCM,14,17603,1698810411.33374,217781.913013329,50
Lawrence,75,75,271,3053,0,2665,659,233,11,3324,lawrence,271,3053,Not Applicable,27,16669,1533933452.90283,208244.792392098,50
Baxter,5,5,161,2950,0,1841,1270,130,1,3111,baxter,161,2950,https://bit.ly/2T74BCM,30,41219,1518457528.31995,214376.071685134,255
Marion,89,89,53,1774,0,1435,392,45,0,1827,marion,53,1774,https://bit.ly/2T74BCM,8,16438,1657005316.82642,213041.318466841,
Perry,105,105,63,2206,0,1939,330,60,0,2269,perry,63,2206,Not Applicable,3,10322,1450824197.89246,235691.992000723,
Jefferson,69,69,2314,22189,0,15156,9347,1964,53,24503,jefferson,2314,22189,Not Applicable,297,70424,2370994330.72839,284256.349610199,
Washington,143,143,7703,61541,0,55484,13760,6843,80,69244,washington,7703,61541,https://bit.ly/2T74BCM,780,228529,2465023834.31018,227692.739748244,
Crawford,33,33,1000,14615,0,13705,1910,892,10,15615,crawford,1000,14615,https://bit.ly/2T74BCM,98,62472,1565525966.073,218076.568568796,
Little River,81,81,307,1483,0,1463,327,263,17,1790,little river,307,1483,https://bit.ly/2T74BCM,27,12417,1458314113.76514,321191.714116766,
Miller,91,91,670,5467,0,4109,2028,594,10,6137,miller,670,5467,https://bit.ly/2T74BCM,66,43759,1651886723.96448,278617.022939423,
Lafayette,73,73,76,810,0,685,201,69,2,886,lafayette,76,810,https://bit.ly/2T74BCM,5,6915,1413353782.99597,240091.990364965,
Columbia,27,27,320,3712,0,2589,1443,281,16,4032,columbia,320,3712,https://bit.ly/2T74BCM,23,23892,1984584461.05408,189842.983515113,
Union,139,139,740,7460,0,6078,2122,677,22,8200,union,740,7460,https://bit.ly/2T74BCM,41,39732,2731252909.41418,302655.931877982,
Ashley,3,3,393,4169,0,3943,619,379,7,4562,ashley,393,4169,https://bit.ly/2T74BCM,7,20537,2434449438.77856,238029.518397571,
Chicot,17,17,970,4314,0,3372,1912,939,11,5284,chicot,970,4314,https://bit.ly/2T74BCM,20,10826,1788307859.28882,280731.906180036,
Benton,7,7,5662,60818,0,58324,8156,5280,60,66480,benton,5662,60818,https://bit.ly/2T74BCM,322,258980,2289858796.17493,259063.794058411,
Carroll,15,15,506,5870,0,4659,1717,453,8,6376,carroll,506,5870,https://bit.ly/2T74BCM,45,27887,1653084714.83582,212425.446763967,
Madison,87,87,310,3478,0,3479,309,296,2,3788,madison,310,3478,Not Applicable,12,16076,2166601172.44824,215220.142258456,
Sebastian,131,131,3042,33397,0,32349,4090,2789,38,36439,sebastian,3042,33397,https://bit.ly/2T74BCM,215,127461,1411978552.98157,217534.899566746,
Polk,113,113,240,3246,0,2531,955,219,4,3486,polk,240,3246,https://bit.ly/2T74BCM,17,20163,2230612446.49585,218300.901651637,
Sevier,133,133,1173,5712,0,6433,452,1143,16,6885,sevier,1173,5712,https://bit.ly/2T74BCM,14,17193,1504881480.02832,254407.216997404,
Garland,51,51,1537,21963,0,21708,1792,1362,34,23500,garland,1537,21963,Not Applicable,141,98296,1900949402.75073,198708.79682618,
Saline,125,125,1701,21336,0,19273,3764,1551,15,23037,saline,1701,21336,Not Applicable,135,118009,1890391625.52527,259324.450169752,
Franklin,47,47,191,4406,0,3487,1110,161,2,4597,franklin,191,4406,Not Applicable,28,17780,1604366855.28687,221024.220903981,
Scott,127,127,90,1490,0,1324,256,88,0,1580,scott,90,1490,https://bit.ly/2T74BCM,2,10442,2325588371.05237,235654.491961227,
Logan,83,83,370,5471,0,4369,1472,358,1,5841,logan,370,5471,Not Applicable,11,21757,1893020842.90564,260765.966043996,
Yell,149,149,1191,7975,0,7793,1373,1140,25,9166,yell,1191,7975,Not Applicable,26,21573,2456264851.60352,285291.072549929,
Montgomery,97,97,118,1564,0,1193,489,78,4,1682,montgomery,118,1564,Not Applicable,36,8993,2072865931.63159,187272.030588765,
Pike,109,109,189,1822,0,1641,370,179,1,2011,pike,189,1822,Not Applicable,9,10808,1588931949.6095,227895.830370576,
Hempstead,57,57,337,3553,0,2805,1085,329,3,3890,hempstead,337,3553,Not Applicable,5,22018,1918024030.47583,254684.611749633,
Drew,43,43,322,4658,0,4143,837,294,5,4980,drew,322,4658,Not Applicable,23,18502,2164050280.56885,194673.142048166,
Bradley,11,11,315,3097,0,2182,1230,283,6,3412,bradley,315,3097,Not Applicable,26,10948,1689743159.67859,251246.751516417,
Calhoun,13,13,25,1271,0,1135,161,23,0,1296,calhoun,25,1271,Not Applicable,2,5202,1636688781.8551,257923.684200782,
Ouachita,103,103,184,4350,0,3575,959,144,5,4534,ouachita,184,4350,Not Applicable,35,24106,1914451452.26355,288817.222837729,
Nevada,99,99,166,2264,0,1949,481,150,12,2430,nevada,166,2264,Not Applicable,4,8440,1606223501.79431,203918.602261097,
Clark,19,19,268,4999,0,4269,998,228,4,5267,clark,268,4999,Not Applicable,36,22385,2285025128.83716,305327.404740804,
Dallas,39,39,137,1543,0,1271,409,109,2,1680,dallas,137,1543,Not Applicable,26,7432,1728752981.36938,248335.581705109,
Cleveland,25,25,143,2024,0,1569,598,128,7,2167,cleveland,143,2024,Not Applicable,8,8226,1550112202.25488,191785.27846286,
Lincoln,79,79,1767,5637,0,3048,4356,1395,13,7404,lincoln,1767,5637,Not Applicable,359,13695,1475144651.05298,200391.193259746,
Arkansas,1,1,300,4216,0,3497,1019,274,4,4516,arkansas,300,4216,Not Applicable,22,18124,2689458657.14087,337890.821693229,
Grant,53,53,208,3740,0,3557,391,183,1,3948,grant,208,3740,Not Applicable,24,18086,1638299260.79211,192015.431574621,
Monroe,95,95,101,1871,0,1652,320,91,0,1972,monroe,101,1871,Not Applicable,10,7249,1608814698.93091,246946.068155265,
Lee,77,77,1014,3343,0,2264,2093,989,11,4357,lee,1014,3343,https://bit.ly/2T74BCM,14,9398,1615973756.60767,249884.035819293,
Hot Spring,59,59,1750,8714,0,6603,3861,1679,23,10464,hot spring,1750,8714,Not Applicable,48,33520,1610166631.76538,219757.280649162,
St. Francis,123,123,1377,10119,0,9260,2236,1293,4,11496,saint francis,1377,10119,Not Applicable,80,26294,1664523033.28198,200638.765000852,
Crittenden,35,35,1748,12086,0,12027,1807,1609,36,13834,crittenden,1748,12086,https://bit.ly/2T74BCM,103,49013,1653092887.37305,250119.071780147,
Cross,37,37,337,3523,0,3157,703,269,5,3860,cross,337,3523,Not Applicable,63,16998,1612034657.20508,165977.208530094,
Woodruff,147,147,29,1367,0,1246,150,27,0,1396,woodruff,29,1367,Not Applicable,2,6660,1538509114.34155,261925.286117796,
White,145,145,576,10589,0,9157,2008,492,12,11165,white,576,10589,Not Applicable,72,78804,2697526482.04468,339075.602124193,
Faulkner,45,45,1809,28528,0,25803,4534,1641,9,30337,faulkner,1809,28528,Not Applicable,159,122416,1719292673.13306,220407.99062066,
Conway,29,29,222,4888,0,4263,847,199,3,5110,conway,222,4888,Not Applicable,20,20906,1466018646.01843,208726.833050194,
Newton,101,101,146,1325,0,1147,324,101,15,1471,newton,146,1325,Not Applicable,30,7848,2130867828.67175,197624.4003355,
Pope,115,115,1886,16958,0,16245,2599,1725,20,18844,pope,1886,16958,Not Applicable,141,63644,2147891752.79688,215833.141399886,
Johnson,71,71,789,5971,0,4717,2043,757,4,6760,johnson,789,5971,Not Applicable,28,26291,1767434801.76807,208086.242159146,
Van Buren,141,141,145,3003,0,2770,378,119,2,3148,van buren,145,3003,Not Applicable,24,16684,1873571941.61279,202862.182311102,
Cleburne,23,23,270,4630,0,4479,421,248,7,4900,cleburne,270,4630,Not Applicable,15,25230,1532699219.27148,160145.803854315,
Poinsett,111,111,530,5975,0,5321,1184,459,6,6505,poinsett,530,5975,Not Applicable,65,24054,1978621315.45654,195984.20857495,
Craighead,31,31,2139,25576,0,24792,2923,1777,15,27715,craighead,2139,25576,https://bit.ly/2T74BCM,347,105701,1846141670.6062,203046.971315213,
Sharp,135,135,157,2959,0,2545,571,141,5,3116,sharp,157,2959,https://bit.ly/2T74BCM,11,17043,1570672403.03687,220017.018631529,
Izard,65,65,112,2865,0,1449,1528,98,0,2977,izard,112,2865,Not Applicable,14,13559,1511354352.72925,187594.839051617,
Fulton,49,49,85,943,0,744,284,68,1,1028,fulton,85,943,https://bit.ly/2T74BCM,16,12139,1606270810.8877,180201.700547134,
Stone,137,137,250,2630,0,1850,1030,185,4,2880,stone,250,2630,Not Applicable,61,12446,1577804238.83069,206836.754761377,
Boone,9,9,422,6957,0,5875,1504,301,4,7379,boone,422,6957,https://bit.ly/2T74BCM,117,37288,1557916143.12292,169603.300267447,
