features__attributes__OBJECTID,features__attributes__county_nam,features__attributes__fhwa_numbe,features__attributes__FIPS,features__attributes__positive,features__attributes__negative,features__attributes__pending,features__attributes__lab_prvt,features__attributes__lab_pub,features__attributes__Recoveries,features__attributes__deaths,features__attributes__total_tests,features__attributes__lcase_name,features__attributes__pos_range,features__attributes__neg_range,features__attributes__border_report,features__attributes__active_cases,features__attributes__POP_5YR_EST_2018,features__attributes__Shape__Area,features__attributes__Shape__Length
1,Missing County Info,5,5,1020,57512,0,58411,121,667,0,58532,missing,1020,57512,Not Applicable,353,null,11297.66003,8800.438736
2,Howard,61,61,158,1751,0,1552,357,121,1,1909,howard,158,1751,Not Applicable,36,13389,1541631053,247879.8235
3,Pulaski,119,119,3425,45020,0,41215,7230,2451,67,48445,pulaski,3425,45020,Not Applicable,907,393463,2089380948,284069.0846
4,Lonoke,85,85,234,5674,0,5276,632,177,2,5908,lonoke,234,5674,Not Applicable,55,72206,2079903589,246137.9115
5,Prairie,117,117,39,718,0,666,91,25,0,757,prairie,39,718,Not Applicable,14,8244,1748665963,269110.4452
6,Desha,41,41,89,1285,0,1115,259,59,1,1374,desha,89,1285,https://bit.ly/2T74BCM,29,11887,2100180171,393743.7858
7,Phillips,107,107,193,2853,0,1720,1326,150,6,3046,phillips,193,2853,https://bit.ly/2T74BCM,37,19034,1885264368,280421.0166
8,Searcy,129,129,18,906,0,889,35,14,0,924,searcy,18,906,Not Applicable,4,7923,1729575196,184103.8395
9,Independence,63,63,93,3425,0,3314,204,63,0,3518,independence,93,3425,Not Applicable,30,37264,1997479704,228003.5801
10,Jackson,67,67,43,1460,0,1066,437,34,0,1503,jackson,43,1460,Not Applicable,9,17225,1661121960,241190.8086
11,Mississippi,93,93,375,4531,0,4139,767,260,4,4906,mississippi,375,4531,https://bit.ly/2T74BCM,111,42831,2397434695,293377.9244
12,Greene,55,55,158,4610,0,4297,471,135,0,4768,greene,158,4610,https://bit.ly/2T74BCM,23,44623,1501198852,195400.8507
13,Clay,21,21,86,1812,0,1753,145,67,3,1898,clay,86,1812,https://bit.ly/2T74BCM,16,15061,1662039088,230200.8397
14,Randolph,121,121,87,2198,0,2048,237,54,2,2285,randolph,87,2198,https://bit.ly/2T74BCM,31,17603,1698810411,217781.913
15,Lawrence,75,75,123,1827,0,1687,263,92,9,1950,lawrence,123,1827,Not Applicable,22,16669,1533933453,208244.7924
16,Baxter,5,5,34,2677,0,2383,328,29,0,2711,baxter,34,2677,https://bit.ly/2T74BCM,5,41219,1518457528,214376.0717
17,Marion,89,89,14,1065,0,973,106,11,0,1079,marion,14,1065,https://bit.ly/2T74BCM,3,16438,1657005317,213041.3185
18,Perry,105,105,37,1085,0,921,201,31,0,1122,perry,37,1085,Not Applicable,6,10322,1450824198,235691.992
19,Jefferson,69,69,937,9275,0,7142,3070,723,29,10212,jefferson,937,9275,Not Applicable,185,70424,2370994331,284256.3496
20,Washington,143,143,4860,17248,0,15512,6596,4141,37,22108,washington,4860,17248,https://bit.ly/2T74BCM,682,228529,2465023834,227692.7397
21,Crawford,33,33,310,5609,0,5519,400,221,3,5919,crawford,310,5609,https://bit.ly/2T74BCM,86,62472,1565525966,218076.5686
22,Little River,81,81,55,935,0,929,61,43,1,990,little river,55,935,https://bit.ly/2T74BCM,11,12417,1458314114,321191.7141
23,Miller,91,91,304,2785,0,2500,589,148,2,3089,miller,304,2785,https://bit.ly/2T74BCM,154,43759,1651886724,278617.0229
24,Lafayette,73,73,32,414,0,383,63,22,2,446,lafayette,32,414,https://bit.ly/2T74BCM,8,6915,1413353783,240091.9904
25,Columbia,27,27,119,1706,0,1275,550,87,5,1825,columbia,119,1706,https://bit.ly/2T74BCM,27,23892,1984584461,189842.9835
26,Union,139,139,287,3405,0,3150,542,239,14,3692,union,287,3405,https://bit.ly/2T74BCM,34,39732,2731252909,302655.9319
27,Ashley,3,3,117,1849,0,1653,313,86,3,1966,ashley,117,1849,https://bit.ly/2T74BCM,28,20537,2434449439,238029.5184
28,Chicot,17,17,245,1668,0,1655,258,160,3,1913,chicot,245,1668,https://bit.ly/2T74BCM,82,10826,1788307859,280731.9062
29,Benton,7,7,3661,40946,0,41351,3256,3165,23,44607,benton,3661,40946,https://bit.ly/2T74BCM,473,258980,2289858796,259063.7941
30,Carroll,15,15,251,3250,0,2731,770,196,6,3501,carroll,251,3250,https://bit.ly/2T74BCM,49,27887,1653084715,212425.4468
31,Madison,87,87,226,2042,0,2109,159,206,1,2268,madison,226,2042,Not Applicable,19,16076,2166601172,215220.1423
32,Sebastian,131,131,1025,14317,0,14026,1316,663,8,15342,sebastian,1025,14317,https://bit.ly/2T74BCM,354,127461,1411978553,217534.8996
33,Polk,113,113,98,1732,0,1497,333,82,0,1830,polk,98,1732,https://bit.ly/2T74BCM,16,20163,2230612446,218300.9017
34,Sevier,133,133,829,3782,0,4360,251,768,9,4611,sevier,829,3782,https://bit.ly/2T74BCM,52,17193,1504881480,254407.217
35,Garland,51,51,394,9265,0,9009,650,296,5,9659,garland,394,9265,Not Applicable,93,98296,1900949403,198708.7968
36,Saline,125,125,540,10993,0,10540,993,398,3,11533,saline,540,10993,Not Applicable,139,118009,1890391626,259324.4502
37,Franklin,47,47,35,1706,0,1554,187,29,1,1741,franklin,35,1706,Not Applicable,5,17780,1604366855,221024.2209
38,Scott,127,127,18,671,0,598,91,13,0,689,scott,18,671,https://bit.ly/2T74BCM,5,10442,2325588371,235654.492
39,Logan,83,83,97,2425,0,2208,314,62,0,2522,logan,97,2425,Not Applicable,35,21757,1893020843,260765.966
40,Yell,149,149,901,2741,0,2675,967,696,10,3642,yell,901,2741,Not Applicable,195,21573,2456264852,285291.0725
41,Montgomery,97,97,12,711,0,689,34,7,0,723,montgomery,12,711,Not Applicable,5,8993,2072865932,187272.0306
42,Pike,109,109,27,2088,0,2009,106,15,0,2115,pike,27,2088,Not Applicable,12,10808,1588931950,227895.8304
43,Hempstead,57,57,101,1986,0,1641,446,68,1,2087,hempstead,101,1986,Not Applicable,32,22018,1918024030,254684.6117
44,Drew,43,43,102,2076,0,1894,284,72,2,2178,drew,102,2076,Not Applicable,28,18502,2164050281,194673.142
45,Bradley,11,11,87,1325,0,897,515,57,2,1412,bradley,87,1325,Not Applicable,28,10948,1689743160,251246.7515
46,Calhoun,13,13,5,414,0,350,69,3,0,419,calhoun,5,414,Not Applicable,2,5202,1636688782,257923.6842
47,Ouachita,103,103,38,2137,0,1733,442,27,0,2175,ouachita,38,2137,Not Applicable,11,24106,1914451452,288817.2228
48,Nevada,99,99,114,1301,0,1178,237,87,3,1415,nevada,114,1301,Not Applicable,24,8440,1606223502,203918.6023
49,Clark,19,19,83,2109,0,1818,374,67,0,2192,clark,83,2109,Not Applicable,16,22385,2285025129,305327.4047
50,Dallas,39,39,20,616,0,539,97,11,0,636,dallas,20,616,Not Applicable,9,7432,1728752981,248335.5817
51,Cleveland,25,25,40,882,0,798,124,32,0,922,cleveland,40,882,Not Applicable,8,8226,1550112202,191785.2785
52,Lincoln,79,79,1105,2088,0,1989,1204,1017,11,3193,lincoln,1105,2088,Not Applicable,77,13695,1475144651,200391.1933
53,Arkansas,1,1,98,1799,0,1657,240,41,0,1897,arkansas,98,1799,Not Applicable,57,18124,2689458657,337890.8217
54,Grant,53,53,69,1538,0,1494,113,51,0,1607,grant,69,1538,Not Applicable,18,18086,1638299261,192015.4316
55,Monroe,95,95,29,901,0,817,113,19,0,930,monroe,29,901,Not Applicable,10,7249,1608814699,246946.0682
56,Lee,77,77,854,2420,0,1459,1815,750,5,3274,lee,854,2420,https://bit.ly/2T74BCM,99,9398,1615973757,249884.0358
57,Hot Spring,59,59,1310,4134,0,2279,3165,589,2,5444,hot spring,1310,4134,Not Applicable,719,33520,1610166632,219757.2806
58,St. Francis,123,123,931,4650,0,4562,1019,886,3,5581,saint francis,931,4650,Not Applicable,42,26294,1664523033,200638.765
59,Crittenden,35,35,906,6579,0,6638,847,788,14,7485,crittenden,906,6579,https://bit.ly/2T74BCM,104,49013,1653092887,250119.0718
60,Cross,37,37,107,1633,0,1484,256,86,1,1740,cross,107,1633,Not Applicable,20,16998,1612034657,165977.2085
61,Woodruff,147,147,16,833,0,789,60,9,0,849,woodruff,16,833,Not Applicable,7,6660,1538509114,261925.2861
62,White,145,145,165,4741,0,4427,479,113,2,4906,white,165,4741,Not Applicable,50,78804,2697526482,339075.6021
63,Faulkner,45,45,857,12453,0,11693,1617,619,4,13310,faulkner,857,12453,Not Applicable,234,122416,1719292673,220407.9906
64,Conway,29,29,104,2023,0,1798,329,74,3,2127,conway,104,2023,Not Applicable,27,20906,1466018646,208726.8331
65,Newton,101,101,13,583,0,560,36,8,0,596,newton,13,583,Not Applicable,5,7848,2130867829,197624.4003
66,Pope,115,115,769,6756,0,6594,931,598,4,7525,pope,769,6756,Not Applicable,167,63644,2147891753,215833.1414
67,Johnson,71,71,455,1730,0,1188,997,345,0,2185,johnson,455,1730,Not Applicable,110,26291,1767434802,208086.2422
68,Van Buren,141,141,37,1229,0,1113,153,34,2,1266,van buren,37,1229,Not Applicable,1,16684,1873571942,202862.1823
69,Cleburne,23,23,148,2505,0,2441,212,113,4,2653,cleburne,148,2505,Not Applicable,31,25230,1532699219,160145.8039
70,Poinsett,111,111,82,1912,0,1803,191,60,3,1994,poinsett,82,1912,Not Applicable,19,24054,1978621315,195984.2086
71,Craighead,31,31,650,12630,0,12572,708,517,7,13280,craighead,650,12630,https://bit.ly/2T74BCM,126,105701,1846141671,203046.9713
72,Sharp,135,135,75,1274,0,1217,132,53,5,1349,sharp,75,1274,https://bit.ly/2T74BCM,17,17043,1570672403,220017.0186
73,Izard,65,65,26,1111,0,1025,112,22,1,1137,izard,26,1111,Not Applicable,3,13559,1511354353,187594.8391
74,Fulton,49,49,18,1061,0,1000,79,16,0,1079,fulton,18,1061,https://bit.ly/2T74BCM,2,12139,1606270811,180201.7005
75,Stone,137,137,24,1362,0,1035,351,18,1,1386,stone,24,1362,Not Applicable,5,12446,1577804239,206836.7548
76,Boone,9,9,70,2972,0,2785,257,39,1,3042,boone,70,2972,https://bit.ly/2T74BCM,30,37288,1557916143,169603.3003