features__attributes__county_nam,features__attributes__fhwa_numbe,features__attributes__FIPS,features__attributes__positive,features__attributes__negative,features__attributes__pending,features__attributes__lab_prvt,features__attributes__lab_pub,features__attributes__Recoveries,features__attributes__deaths,features__attributes__total_tests,features__attributes__lcase_name,features__attributes__pos_range,features__attributes__neg_range,features__attributes__border_report,features__attributes__active_cases,features__attributes__POP_5YR_EST_2018,features__attributes__Shape__Area,features__attributes__Shape__Length
Howard,61,61,157,1733,0,1536,354,118,1,1890,howard,157,1733,Not Applicable,38,13389,1541631053,247879.8235
Pulaski,119,119,3298,44005,0,40425,6878,2344,67,47303,pulaski,3298,44005,Not Applicable,887,393463,2089380948,284069.0846
Lonoke,85,85,218,5560,0,5182,596,166,2,5778,lonoke,218,5560,Not Applicable,50,72206,2079903589,246137.9115
Prairie,117,117,39,702,0,650,91,22,0,741,prairie,39,702,Not Applicable,17,8244,1748665963,269110.4452
Desha,41,41,86,1240,0,1084,242,57,1,1326,desha,86,1240,https://bit.ly/2T74BCM,28,11887,2100180171,393743.7858
Phillips,107,107,192,2836,0,1703,1325,144,5,3028,phillips,192,2836,https://bit.ly/2T74BCM,43,19034,1885264368,280421.0166
Searcy,129,129,17,900,0,884,33,12,0,917,searcy,17,900,Not Applicable,5,7923,1729575196,184103.8395
Independence,63,63,83,3379,0,3264,198,62,0,3462,independence,83,3379,Not Applicable,21,37264,1997479704,228003.5801
Jackson,67,67,43,1437,0,1049,431,31,0,1480,jackson,43,1437,Not Applicable,12,17225,1661121960,241190.8086
Mississippi,93,93,357,4473,0,4075,755,244,3,4830,mississippi,357,4473,https://bit.ly/2T74BCM,110,42831,2397434695,293377.9244
Greene,55,55,156,4542,0,4228,470,133,0,4698,greene,156,4542,https://bit.ly/2T74BCM,23,44623,1501198852,195400.8507
Clay,21,21,84,1776,0,1721,139,65,3,1860,clay,84,1776,https://bit.ly/2T74BCM,16,15061,1662039088,230200.8397
Randolph,121,121,83,2165,0,2024,224,51,2,2248,randolph,83,2165,https://bit.ly/2T74BCM,30,17603,1698810411,217781.913
Lawrence,75,75,121,1817,0,1677,261,91,9,1938,lawrence,121,1817,Not Applicable,21,16669,1533933453,208244.7924
Baxter,5,5,34,2648,0,2365,317,28,0,2682,baxter,34,2648,https://bit.ly/2T74BCM,6,41219,1518457528,214376.0717
Marion,89,89,14,1056,0,967,103,11,0,1070,marion,14,1056,https://bit.ly/2T74BCM,3,16438,1657005317,213041.3185
Perry,105,105,36,1063,0,909,190,31,0,1099,perry,36,1063,Not Applicable,5,10322,1450824198,235691.992
Jefferson,69,69,917,8745,0,6700,2962,709,29,9662,jefferson,917,8745,Not Applicable,179,70424,2370994331,284256.3496
Washington,143,143,4778,17050,0,15375,6453,4061,37,21828,washington,4778,17050,https://bit.ly/2T74BCM,680,228529,2465023834,227692.7397
Crawford,33,33,296,5518,0,5424,390,211,3,5814,crawford,296,5518,https://bit.ly/2T74BCM,82,62472,1565525966,218076.5686
Little River,81,81,54,930,0,923,61,41,0,984,little river,54,930,https://bit.ly/2T74BCM,13,12417,1458314114,321191.7141
Miller,91,91,293,2745,0,2450,588,144,2,3038,miller,293,2745,https://bit.ly/2T74BCM,147,43759,1651886724,278617.0229
Lafayette,73,73,32,408,0,379,61,21,2,440,lafayette,32,408,https://bit.ly/2T74BCM,9,6915,1413353783,240091.9904
Columbia,27,27,114,1681,0,1260,535,86,5,1795,columbia,114,1681,https://bit.ly/2T74BCM,23,23892,1984584461,189842.9835
Union,139,139,284,3357,0,3134,507,238,14,3641,union,284,3357,https://bit.ly/2T74BCM,32,39732,2731252909,302655.9319
Ashley,3,3,114,1800,0,1619,295,82,3,1914,ashley,114,1800,https://bit.ly/2T74BCM,29,20537,2434449439,238029.5184
Chicot,17,17,229,1627,0,1604,252,159,3,1856,chicot,229,1627,https://bit.ly/2T74BCM,67,10826,1788307859,280731.9062
Benton,7,7,3598,40539,0,40982,3155,3108,23,44137,benton,3598,40539,https://bit.ly/2T74BCM,467,258980,2289858796,259063.7941
Carroll,15,15,239,3234,0,2716,757,188,6,3473,carroll,239,3234,https://bit.ly/2T74BCM,45,27887,1653084715,212425.4468
Madison,87,87,223,2035,0,2102,156,205,1,2258,madison,223,2035,Not Applicable,17,16076,2166601172,215220.1423
Sebastian,131,131,981,14073,0,13750,1304,622,8,15054,sebastian,981,14073,https://bit.ly/2T74BCM,351,127461,1411978553,217534.8996
Polk,113,113,94,1714,0,1488,320,80,0,1808,polk,94,1714,https://bit.ly/2T74BCM,14,20163,2230612446,218300.9017
Sevier,133,133,822,3769,0,4345,246,751,9,4591,sevier,822,3769,https://bit.ly/2T74BCM,62,17193,1504881480,254407.217
Garland,51,51,366,8996,0,8741,621,292,5,9362,garland,366,8996,Not Applicable,69,98296,1900949403,198708.7968
Saline,125,125,521,10794,0,10333,982,380,3,11315,saline,521,10794,Not Applicable,138,118009,1890391626,259324.4502
Franklin,47,47,34,1689,0,1538,185,26,1,1723,franklin,34,1689,Not Applicable,7,17780,1604366855,221024.2209
Scott,127,127,18,661,0,594,85,14,0,679,scott,18,661,https://bit.ly/2T74BCM,4,10442,2325588371,235654.492
Logan,83,83,91,2385,0,2182,294,54,0,2476,logan,91,2385,Not Applicable,37,21757,1893020843,260765.966
Yell,149,149,873,2674,0,2645,902,683,8,3547,yell,873,2674,Not Applicable,182,21573,2456264852,285291.0725
Montgomery,97,97,8,704,0,679,33,6,0,712,montgomery,8,704,Not Applicable,2,8993,2072865932,187272.0306
Pike,109,109,23,2059,0,1980,102,11,0,2082,pike,23,2059,Not Applicable,12,10808,1588931950,227895.8304
Hempstead,57,57,96,1968,0,1626,438,61,1,2064,hempstead,96,1968,Not Applicable,34,22018,1918024030,254684.6117
Drew,43,43,98,2016,0,1848,266,70,2,2114,drew,98,2016,Not Applicable,26,18502,2164050281,194673.142
Bradley,11,11,85,1312,0,887,510,54,2,1397,bradley,85,1312,Not Applicable,29,10948,1689743160,251246.7515
Calhoun,13,13,4,405,0,344,65,2,0,409,calhoun,4-Jan,405,Not Applicable,2,5202,1636688782,257923.6842
Ouachita,103,103,37,2116,0,1716,437,27,0,2153,ouachita,37,2116,Not Applicable,10,24106,1914451452,288817.2228
Nevada,99,99,112,1288,0,1169,231,87,3,1400,nevada,112,1288,Not Applicable,22,8440,1606223502,203918.6023
Clark,19,19,80,2062,0,1772,370,65,0,2142,clark,80,2062,Not Applicable,15,22385,2285025129,305327.4047
Dallas,39,39,14,597,0,517,94,11,0,611,dallas,14,597,Not Applicable,3,7432,1728752981,248335.5817
Cleveland,25,25,39,857,0,773,123,30,0,896,cleveland,39,857,Not Applicable,9,8226,1550112202,191785.2785
Lincoln,79,79,1052,2008,0,1954,1106,1016,11,3060,lincoln,1052,2008,Not Applicable,25,13695,1475144651,200391.1933
Arkansas,1,1,73,1736,0,1604,205,36,0,1809,arkansas,73,1736,Not Applicable,37,18124,2689458657,337890.8217
Grant,53,53,64,1495,0,1447,112,50,0,1559,grant,64,1495,Not Applicable,14,18086,1638299261,192015.4316
Monroe,95,95,26,882,0,801,107,19,0,908,monroe,26,882,Not Applicable,7,7249,1608814699,246946.0682
Lee,77,77,851,2409,0,1446,1814,745,5,3260,lee,851,2409,https://bit.ly/2T74BCM,101,9398,1615973757,249884.0358
Hot Spring,59,59,1300,4098,0,2240,3158,508,1,5398,hot spring,1300,4098,Not Applicable,791,33520,1610166632,219757.2806
St. Francis,123,123,926,4625,0,4532,1019,879,3,5551,saint francis,926,4625,Not Applicable,44,26294,1664523033,200638.765
Crittenden,35,35,893,6525,0,6576,842,773,14,7418,crittenden,893,6525,https://bit.ly/2T74BCM,106,49013,1653092887,250119.0718
Cross,37,37,103,1604,0,1454,253,86,1,1707,cross,103,1604,Not Applicable,16,16998,1612034657,165977.2085
Woodruff,147,147,14,799,0,754,59,8,0,813,woodruff,14,799,Not Applicable,6,6660,1538509114,261925.2861
White,145,145,157,4612,0,4361,408,106,2,4769,white,157,4612,Not Applicable,49,78804,2697526482,339075.6021
Faulkner,45,45,830,12252,0,11503,1579,600,4,13082,faulkner,830,12252,Not Applicable,226,122416,1719292673,220407.9906
Conway,29,29,103,1958,0,1765,296,71,3,2061,conway,103,1958,Not Applicable,29,20906,1466018646,208726.8331
Newton,101,101,13,577,0,554,36,7,0,590,newton,13,577,Not Applicable,6,7848,2130867829,197624.4003
Pope,115,115,729,6701,0,6552,878,581,4,7430,pope,729,6701,Not Applicable,144,63644,2147891753,215833.1414
Johnson,71,71,444,1721,0,1182,983,334,0,2165,johnson,444,1721,Not Applicable,110,26291,1767434802,208086.2422
Van Buren,141,141,37,1214,0,1101,150,34,2,1251,van buren,37,1214,Not Applicable,1,16684,1873571942,202862.1823
Cleburne,23,23,138,2425,0,2358,205,107,4,2563,cleburne,138,2425,Not Applicable,27,25230,1532699219,160145.8039
Poinsett,111,111,79,1887,0,1778,188,58,3,1966,poinsett,79,1887,Not Applicable,18,24054,1978621315,195984.2086
Craighead,31,31,626,12417,0,12363,680,504,7,13043,craighead,626,12417,https://bit.ly/2T74BCM,115,105701,1846141671,203046.9713
Sharp,135,135,72,1255,0,1198,129,53,5,1327,sharp,72,1255,https://bit.ly/2T74BCM,14,17043,1570672403,220017.0186
Izard,65,65,26,1099,0,1014,111,22,1,1125,izard,26,1099,Not Applicable,3,13559,1511354353,187594.8391
Fulton,49,49,18,1051,0,992,77,16,0,1069,fulton,18,1051,https://bit.ly/2T74BCM,2,12139,1606270811,180201.7005
Stone,137,137,23,1351,0,1028,346,16,1,1374,stone,23,1351,Not Applicable,6,12446,1577804239,206836.7548
Boone,9,9,66,2933,0,2750,249,33,1,2999,boone,66,2933,https://bit.ly/2T74BCM,32,37288,1557916143,169603.3003