features__attributes__county_nam,features__attributes__fhwa_numbe,features__attributes__FIPS,features__attributes__positive,features__attributes__negative,features__attributes__pending,features__attributes__lab_prvt,features__attributes__lab_pub,features__attributes__Recoveries,features__attributes__deaths,features__attributes__total_tests,features__attributes__lcase_name,features__attributes__pos_range,features__attributes__neg_range,features__attributes__border_report,features__attributes__active_cases,features__attributes__POP_5YR_EST_2018,features__attributes__Shape__Area,features__attributes__Shape__Length
Howard,61,61,70,990,0,954,106,41,0,1060,howard,70,990,Not Applicable,29,13389,1541631053,247879.8235
Pulaski,119,119,1556,26344,0,24222,3678,1159,53,27900,pulaski,1556,26344,Not Applicable,344,393463,2089380948,284069.0846
Lonoke,85,85,91,3059,0,2802,348,70,0,3150,lonoke,91,3059,Not Applicable,21,72206,2079903589,246137.9115
Prairie,117,117,16,370,0,343,43,5,0,386,prairie,16,370,Not Applicable,11,8244,1748665963,269110.4452
Desha,41,41,29,717,0,624,122,21,0,746,desha,29,717,https://bit.ly/2T74BCM,8,11887,2100180171,393743.7858
Phillips,107,107,90,1568,0,1121,537,35,3,1658,phillips,90,1568,https://bit.ly/2T74BCM,52,19034,1885264368,280421.0166
Searcy,129,129,7,693,0,683,17,7,0,700,searcy,7,693,Not Applicable,0,7923,1729575196,184103.8395
Independence,63,63,46,2193,0,2116,123,42,0,2239,independence,46,2193,Not Applicable,4,37264,1997479704,228003.5801
Jackson,67,67,24,691,0,584,131,15,0,715,jackson,24,691,Not Applicable,9,17225,1661121960,241190.8086
Mississippi,93,93,121,3066,0,2856,331,90,3,3187,mississippi,121,3066,https://bit.ly/2T74BCM,28,42831,2397434695,293377.9244
Greene,55,55,97,3302,0,3097,302,68,0,3399,greene,97,3302,https://bit.ly/2T74BCM,29,44623,1501198852,195400.8507
Clay,21,21,48,1250,0,1265,33,10,3,1298,clay,48,1250,https://bit.ly/2T74BCM,35,15061,1662039088,230200.8397
Randolph,121,121,39,1558,0,1471,126,29,1,1597,randolph,39,1558,https://bit.ly/2T74BCM,9,17603,1698810411,217781.913
Lawrence,75,75,96,1214,0,1246,64,77,9,1310,lawrence,96,1214,Not Applicable,10,16669,1533933453,208244.7924
Baxter,5,5,15,1520,0,1442,93,14,0,1535,baxter,15,1520,https://bit.ly/2T74BCM,1,41219,1518457528,214376.0717
Marion,89,89,2,595,0,578,19,2,0,597,marion,4-Jan,595,https://bit.ly/2T74BCM,0,16438,1657005317,213041.3185
Perry,105,105,21,661,0,626,56,15,0,682,perry,21,661,Not Applicable,6,10322,1450824198,235691.992
Jefferson,69,69,657,5000,0,4176,1481,538,28,5657,jefferson,657,5000,Not Applicable,91,70424,2370994331,284256.3496
Washington,143,143,2680,10935,0,10389,3226,1619,21,13615,washington,2680,10935,https://bit.ly/2T74BCM,1040,228529,2465023834,227692.7397
Crawford,33,33,105,2986,0,2952,139,52,0,3091,crawford,105,2986,https://bit.ly/2T74BCM,53,62472,1565525966,218076.5686
Little River,81,81,36,803,0,799,40,34,0,839,little river,36,803,https://bit.ly/2T74BCM,2,12417,1458314114,321191.7141
Miller,91,91,94,1747,0,1724,117,78,2,1841,miller,94,1747,https://bit.ly/2T74BCM,14,43759,1651886724,278617.0229
Lafayette,73,73,13,301,0,300,14,11,1,314,lafayette,13,301,https://bit.ly/2T74BCM,1,6915,1413353783,240091.9904
Columbia,27,27,44,1062,0,956,150,24,3,1106,columbia,44,1062,https://bit.ly/2T74BCM,17,23892,1984584461,189842.9835
Union,139,139,232,2844,0,2772,304,180,13,3076,union,232,2844,https://bit.ly/2T74BCM,39,39732,2731252909,302655.9319
Ashley,3,3,57,1063,0,930,190,41,1,1120,ashley,57,1063,https://bit.ly/2T74BCM,15,20537,2434449439,238029.5184
Chicot,17,17,93,971,0,963,101,47,2,1064,chicot,93,971,https://bit.ly/2T74BCM,44,10826,1788307859,280731.9062
Benton,7,7,2128,28513,0,28715,1926,1373,14,30641,benton,2128,28513,https://bit.ly/2T74BCM,741,258980,2289858796,259063.7941
Carroll,15,15,136,2341,0,2068,409,72,4,2477,carroll,136,2341,https://bit.ly/2T74BCM,60,27887,1653084715,212425.4468
Madison,87,87,162,1563,0,1613,112,85,0,1725,madison,162,1563,Not Applicable,77,16076,2166601172,215220.1423
Sebastian,131,131,258,5932,0,5880,310,127,2,6190,sebastian,258,5932,https://bit.ly/2T74BCM,129,127461,1411978553,217534.8996
Polk,113,113,67,1229,0,1107,189,54,0,1296,polk,67,1229,https://bit.ly/2T74BCM,13,20163,2230612446,218300.9017
Sevier,133,133,606,3054,0,3486,174,408,6,3660,sevier,606,3054,https://bit.ly/2T74BCM,192,17193,1504881480,254407.217
Garland,51,51,183,5623,0,5558,248,158,1,5806,garland,183,5623,Not Applicable,24,98296,1900949403,198708.7968
Saline,125,125,211,7678,0,7355,534,173,2,7889,saline,211,7678,Not Applicable,36,118009,1890391626,259324.4502
Franklin,47,47,13,798,0,711,100,7,0,811,franklin,13,798,Not Applicable,6,17780,1604366855,221024.2209
Scott,127,127,8,423,0,393,38,5,0,431,scott,8,423,https://bit.ly/2T74BCM,3,10442,2325588371,235654.492
Logan,83,83,34,1430,0,1334,130,16,0,1464,logan,34,1430,Not Applicable,18,21757,1893020843,260765.966
Yell,149,149,448,1455,0,1506,397,288,3,1903,yell,448,1455,Not Applicable,157,21573,2456264852,285291.0725
Montgomery,97,97,2,315,0,300,17,2,0,317,montgomery,4-Jan,315,Not Applicable,0,8993,2072865932,187272.0306
Pike,109,109,7,1439,0,1416,30,6,0,1446,pike,7,1439,Not Applicable,1,10808,1588931950,227895.8304
Hempstead,57,57,46,1492,0,1347,191,37,1,1538,hempstead,46,1492,Not Applicable,8,22018,1918024030,254684.6117
Drew,43,43,39,1147,0,1083,103,24,1,1186,drew,39,1147,Not Applicable,14,18502,2164050281,194673.142
Bradley,11,11,38,740,0,502,276,31,2,778,bradley,38,740,Not Applicable,5,10948,1689743160,251246.7515
Calhoun,13,13,0,211,0,193,18,0,0,211,calhoun,0,211,Not Applicable,0,5202,1636688782,257923.6842
Ouachita,103,103,17,1509,0,1355,171,13,0,1526,ouachita,17,1509,Not Applicable,4,24106,1914451452,288817.2228
Nevada,99,99,95,1108,0,1068,135,70,2,1203,nevada,95,1108,Not Applicable,23,8440,1606223502,203918.6023
Clark,19,19,53,1730,0,1468,315,46,0,1783,clark,53,1730,Not Applicable,7,22385,2285025129,305327.4047
Dallas,39,39,6,337,0,318,25,3,0,343,dallas,6,337,Not Applicable,3,7432,1728752981,248335.5817
Cleveland,25,25,25,519,0,451,93,20,0,544,cleveland,25,519,Not Applicable,5,8226,1550112202,191785.2785
Lincoln,79,79,1036,1423,0,1606,853,964,11,2459,lincoln,1036,1423,Not Applicable,61,13695,1475144651,200391.1933
Arkansas,1,1,21,800,0,719,102,7,0,821,arkansas,21,800,Not Applicable,14,18124,2689458657,337890.8217
Grant,53,53,28,907,0,858,77,24,0,935,grant,28,907,Not Applicable,4,18086,1638299261,192015.4316
Monroe,95,95,8,574,0,538,44,6,0,582,monroe,8,574,Not Applicable,2,7249,1608814699,246946.0682
Lee,77,77,621,1865,0,996,1490,122,1,2486,lee,621,1865,https://bit.ly/2T74BCM,498,9398,1615973757,249884.0358
Hot Spring,59,59,226,2301,0,1447,1080,39,0,2527,hot spring,226,2301,Not Applicable,187,33520,1610166632,219757.2806
St. Francis,123,123,793,4041,0,4212,622,769,3,4834,saint francis,793,4041,Not Applicable,21,26294,1664523033,200638.765
Crittenden,35,35,604,5204,0,5296,512,498,10,5808,crittenden,604,5204,https://bit.ly/2T74BCM,96,49013,1653092887,250119.0718
Cross,37,37,83,1298,0,1148,233,72,1,1381,cross,83,1298,Not Applicable,10,16998,1612034657,165977.2085
Woodruff,147,147,6,409,0,374,41,2,0,415,woodruff,6,409,Not Applicable,4,6660,1538509114,261925.2861
White,145,145,76,2820,0,2654,242,53,1,2896,white,76,2820,Not Applicable,22,78804,2697526482,339075.6021
Faulkner,45,45,305,7619,0,7335,589,150,3,7924,faulkner,305,7619,Not Applicable,152,122416,1719292673,220407.9906
Conway,29,29,36,1083,0,993,126,20,3,1119,conway,36,1083,Not Applicable,13,20906,1466018646,208726.8331
Newton,101,101,4,373,0,360,17,3,0,377,newton,4-Jan,373,Not Applicable,1,7848,2130867829,197624.4003
Pope,115,115,349,4338,0,4182,505,249,2,4687,pope,349,4338,Not Applicable,98,63644,2147891753,215833.1414
Johnson,71,71,166,1123,0,737,552,85,0,1289,johnson,166,1123,Not Applicable,81,26291,1767434802,208086.2422
Van Buren,141,141,30,838,0,754,114,28,2,868,van buren,30,838,Not Applicable,0,16684,1873571942,202862.1823
Cleburne,23,23,77,1513,0,1457,133,70,4,1590,cleburne,77,1513,Not Applicable,3,25230,1532699219,160145.8039
Poinsett,111,111,53,1448,0,1416,85,44,3,1501,poinsett,53,1448,Not Applicable,6,24054,1978621315,195984.2086
Craighead,31,31,404,8817,0,8817,404,344,6,9221,craighead,404,8817,https://bit.ly/2T74BCM,54,105701,1846141671,203046.9713
Sharp,135,135,51,817,0,788,80,43,4,868,sharp,51,817,https://bit.ly/2T74BCM,4,17043,1570672403,220017.0186
Izard,65,65,20,583,0,572,31,18,1,603,izard,20,583,Not Applicable,1,13559,1511354353,187594.8391
Fulton,49,49,10,683,0,661,32,8,0,693,fulton,10,683,https://bit.ly/2T74BCM,2,12139,1606270811,180201.7005
Stone,137,137,13,692,0,676,29,10,0,705,stone,13,692,Not Applicable,3,12446,1577804239,206836.7548
Boone,9,9,14,1627,0,1578,63,7,1,1641,boone,14,1627,https://bit.ly/2T74BCM,6,37288,1557916143,169603.3003