features__attributes__county_nam,features__attributes__fhwa_numbe,features__attributes__FIPS,features__attributes__positive,features__attributes__negative,features__attributes__pending,features__attributes__lab_prvt,features__attributes__lab_pub,features__attributes__Recoveries,features__attributes__deaths,features__attributes__total_tests,features__attributes__lcase_name,features__attributes__pos_range,features__attributes__neg_range,features__attributes__border_report,features__attributes__active_cases,features__attributes__POP_5YR_EST_2018,features__attributes__Shape__Area,features__attributes__Shape__Length
Howard,61,61,38,686,0,699,25,31,0,724,howard,38,686,Not Applicable,7,13389,1541631053,247879.8235
Pulaski,119,119,1289,19654,0,18540,2403,923,42,20943,pulaski,1289,19654,Not Applicable,324,393463,2089380948,284069.0846
Lonoke,85,85,71,2560,0,2344,287,57,0,2631,lonoke,71,2560,Not Applicable,14,72206,2079903589,246137.9115
Prairie,117,117,7,271,0,254,24,3,0,278,prairie,7,271,Not Applicable,4,8244,1748665963,269110.4452
Desha,41,41,22,590,0,501,111,19,0,612,desha,22,590,https://bit.ly/2T74BCM,3,11887,2100180171,393743.7858
Phillips,107,107,39,973,0,738,274,22,1,1012,phillips,39,973,https://bit.ly/2T74BCM,16,19034,1885264368,280421.0166
Searcy,129,129,7,633,0,629,11,7,0,640,searcy,7,633,Not Applicable,0,7923,1729575196,184103.8395
Independence,63,63,42,1615,0,1565,92,33,0,1657,independence,42,1615,Not Applicable,9,37264,1997479704,228003.5801
Jackson,67,67,15,573,0,490,98,5,0,588,jackson,15,573,Not Applicable,10,17225,1661121960,241190.8086
Mississippi,93,93,95,2317,0,2183,229,77,2,2412,mississippi,95,2317,https://bit.ly/2T74BCM,16,42831,2397434695,293377.9244
Greene,55,55,72,2643,0,2465,250,67,0,2715,greene,72,2643,https://bit.ly/2T74BCM,5,44623,1501198852,195400.8507
Clay,21,21,20,860,0,863,17,5,0,880,clay,20,860,https://bit.ly/2T74BCM,15,15061,1662039088,230200.8397
Randolph,121,121,28,1315,0,1238,105,24,0,1343,randolph,28,1315,https://bit.ly/2T74BCM,4,17603,1698810411,217781.913
Lawrence,75,75,91,1052,0,1100,43,73,9,1143,lawrence,91,1052,Not Applicable,9,16669,1533933453,208244.7924
Baxter,5,5,14,1352,0,1285,81,12,0,1366,baxter,14,1352,https://bit.ly/2T74BCM,2,41219,1518457528,214376.0717
Marion,89,89,2,516,0,505,13,2,0,518,marion,4-Jan,516,https://bit.ly/2T74BCM,0,16438,1657005317,213041.3185
Perry,105,105,16,407,0,377,46,14,0,423,perry,16,407,Not Applicable,2,10322,1450824198,235691.992
Jefferson,69,69,630,4242,0,3568,1304,499,28,4872,jefferson,630,4242,Not Applicable,103,70424,2370994331,284256.3496
Washington,143,143,1804,8449,0,7420,2833,761,12,10253,washington,1804,8449,https://bit.ly/2T74BCM,1031,228529,2465023834,227692.7397
Crawford,33,33,56,2094,0,2065,85,32,0,2150,crawford,56,2094,https://bit.ly/2T74BCM,24,62472,1565525966,218076.5686
Little River,81,81,34,616,0,617,33,21,0,650,little river,34,616,https://bit.ly/2T74BCM,13,12417,1458314114,321191.7141
Miller,91,91,69,1164,0,1151,82,53,1,1233,miller,69,1164,https://bit.ly/2T74BCM,15,43759,1651886724,278617.0229
Lafayette,73,73,11,230,0,233,8,9,1,241,lafayette,11,230,https://bit.ly/2T74BCM,1,6915,1413353783,240091.9904
Columbia,27,27,28,787,0,704,111,19,2,815,columbia,28,787,https://bit.ly/2T74BCM,7,23892,1984584461,189842.9835
Union,139,139,203,1887,0,1872,218,165,11,2090,union,203,1887,https://bit.ly/2T74BCM,27,39732,2731252909,302655.9319
Ashley,3,3,41,922,0,809,154,30,1,963,ashley,41,922,https://bit.ly/2T74BCM,10,20537,2434449439,238029.5184
Chicot,17,17,49,570,0,541,78,18,2,619,chicot,49,570,https://bit.ly/2T74BCM,29,10826,1788307859,280731.9062
Benton,7,7,1406,21104,0,21060,1450,814,7,22510,benton,1406,21104,https://bit.ly/2T74BCM,585,258980,2289858796,259063.7941
Carroll,15,15,80,1613,0,1402,291,31,1,1693,carroll,80,1613,https://bit.ly/2T74BCM,48,27887,1653084715,212425.4468
Madison,87,87,111,1128,0,1133,106,42,0,1239,madison,111,1128,Not Applicable,69,16076,2166601172,215220.1423
Sebastian,131,131,148,4107,0,4036,219,67,2,4255,sebastian,148,4107,https://bit.ly/2T74BCM,79,127461,1411978553,217534.8996
Polk,113,113,53,856,0,762,147,34,0,909,polk,53,856,https://bit.ly/2T74BCM,19,20163,2230612446,218300.9017
Sevier,133,133,446,2354,0,2651,149,283,4,2800,sevier,446,2354,https://bit.ly/2T74BCM,159,17193,1504881480,254407.217
Garland,51,51,162,4793,0,4768,187,135,1,4955,garland,162,4793,Not Applicable,26,98296,1900949403,198708.7968
Saline,125,125,174,5826,0,5553,447,124,2,6000,saline,174,5826,Not Applicable,48,118009,1890391626,259324.4502
Franklin,47,47,6,565,0,504,67,4,0,571,franklin,6,565,Not Applicable,2,17780,1604366855,221024.2209
Scott,127,127,3,231,0,213,21,2,0,234,scott,4-Jan,231,https://bit.ly/2T74BCM,1,10442,2325588371,235654.492
Logan,83,83,19,691,0,630,80,12,0,710,logan,19,691,Not Applicable,7,21757,1893020843,260765.966
Yell,149,149,303,947,0,906,344,190,2,1250,yell,303,947,Not Applicable,111,21573,2456264852,285291.0725
Montgomery,97,97,2,219,0,205,16,2,0,221,montgomery,4-Jan,219,Not Applicable,0,8993,2072865932,187272.0306
Pike,109,109,7,1030,0,1017,20,5,0,1037,pike,7,1030,Not Applicable,2,10808,1588931950,227895.8304
Hempstead,57,57,36,1031,0,956,111,21,1,1067,hempstead,36,1031,Not Applicable,14,22018,1918024030,254684.6117
Drew,43,43,26,957,0,895,88,18,1,983,drew,26,957,Not Applicable,7,18502,2164050281,194673.142
Bradley,11,11,34,616,0,418,232,24,1,650,bradley,34,616,Not Applicable,9,10948,1689743160,251246.7515
Calhoun,13,13,0,156,0,147,9,0,0,156,calhoun,0,156,Not Applicable,0,5202,1636688782,257923.6842
Ouachita,103,103,14,1087,0,942,159,10,0,1101,ouachita,14,1087,Not Applicable,4,24106,1914451452,288817.2228
Nevada,99,99,80,538,0,510,108,10,0,618,nevada,80,538,Not Applicable,70,8440,1606223502,203918.6023
Clark,19,19,45,1070,0,821,294,39,0,1115,clark,45,1070,Not Applicable,6,22385,2285025129,305327.4047
Dallas,39,39,3,230,0,219,14,2,0,233,dallas,4-Jan,230,Not Applicable,1,7432,1728752981,248335.5817
Cleveland,25,25,20,458,0,386,92,19,0,478,cleveland,20,458,Not Applicable,1,8226,1550112202,191785.2785
Lincoln,79,79,995,1117,0,1530,582,959,11,2112,lincoln,995,1117,Not Applicable,25,13695,1475144651,200391.1933
Arkansas,1,1,8,561,0,531,38,6,0,569,arkansas,8,561,Not Applicable,2,18124,2689458657,337890.8217
Grant,53,53,24,745,0,722,47,19,0,769,grant,24,745,Not Applicable,5,18086,1638299261,192015.4316
Monroe,95,95,7,358,0,339,26,5,0,365,monroe,7,358,Not Applicable,2,7249,1608814699,246946.0682
Lee,77,77,545,1599,0,727,1417,29,1,2144,lee,545,1599,https://bit.ly/2T74BCM,515,9398,1615973757,249884.0358
Hot Spring,59,59,42,1212,0,1170,84,33,0,1254,hot spring,42,1212,Not Applicable,9,33520,1610166632,219757.2806
St. Francis,123,123,775,3659,0,3822,612,682,2,4434,saint francis,775,3659,Not Applicable,91,26294,1664523033,200638.765
Crittenden,35,35,522,4259,0,4267,514,412,9,4781,crittenden,522,4259,https://bit.ly/2T74BCM,101,49013,1653092887,250119.0718
Cross,37,37,76,934,0,807,203,54,0,1010,cross,76,934,Not Applicable,22,16998,1612034657,165977.2085
Woodruff,147,147,4,241,0,213,32,1,0,245,woodruff,4-Jan,241,Not Applicable,3,6660,1538509114,261925.2861
White,145,145,58,2405,0,2272,191,45,1,2463,white,58,2405,Not Applicable,12,78804,2697526482,339075.6021
Faulkner,45,45,154,4116,0,3796,474,104,3,4270,faulkner,154,4116,Not Applicable,47,122416,1719292673,220407.9906
Conway,29,29,21,766,0,704,83,13,2,787,conway,21,766,Not Applicable,6,20906,1466018646,208726.8331
Newton,101,101,3,301,0,297,7,3,0,304,newton,4-Jan,301,Not Applicable,0,7848,2130867829,197624.4003
Pope,115,115,256,3328,0,3173,411,176,2,3584,pope,256,3328,Not Applicable,78,63644,2147891753,215833.1414
Johnson,71,71,88,844,0,518,414,53,0,932,johnson,88,844,Not Applicable,35,26291,1767434802,208086.2422
Van Buren,141,141,30,735,0,654,111,26,2,765,van buren,30,735,Not Applicable,2,16684,1873571942,202862.1823
Cleburne,23,23,75,1106,0,1079,102,70,4,1181,cleburne,75,1106,Not Applicable,1,25230,1532699219,160145.8039
Poinsett,111,111,50,1047,0,1043,54,35,3,1097,poinsett,50,1047,Not Applicable,12,24054,1978621315,195984.2086
Craighead,31,31,358,7636,0,7657,337,262,1,7994,craighead,358,7636,https://bit.ly/2T74BCM,95,105701,1846141671,203046.9713
Sharp,135,135,50,695,0,673,72,43,3,745,sharp,50,695,https://bit.ly/2T74BCM,4,17043,1570672403,220017.0186
Izard,65,65,20,495,0,489,26,18,1,515,izard,20,495,Not Applicable,1,13559,1511354353,187594.8391
Fulton,49,49,9,588,0,570,27,7,0,597,fulton,9,588,https://bit.ly/2T74BCM,2,12139,1606270811,180201.7005
Stone,137,137,11,571,0,558,24,9,0,582,stone,11,571,Not Applicable,2,12446,1577804239,206836.7548
Boone,9,9,9,1295,0,1276,28,6,0,1304,boone,9,1295,https://bit.ly/2T74BCM,3,37288,1557916143,169603.3003